FIB: 1. a x = b => **2.0**

FIB: 2. a x = b => **8.166666666666666**

FIB: 3. a x = b => **0.11904761904761904**

FIB: 4. a x = b => **1.2647058823529411**
